The interval between certificates (after filtering) sorted by amount of days.

+--------+---------+
|duration|count    |
+--------+---------+
|485.0   |7        |
|484.0   |8        |
|483.0   |22       |
|482.0   |23       |
|481.0   |20       |
|480.0   |36       |
|479.0   |35       |
|478.0   |36       |
|477.0   |26       |
|476.0   |43       |
|475.0   |64       |
|474.0   |63       |
|473.0   |38       |
|472.0   |81       |
|471.0   |65       |
|470.0   |79       |
|469.0   |124      |
|468.0   |109      |
|467.0   |85       |
|466.0   |107      |
|465.0   |112      |
|464.0   |104      |
|463.0   |128      |
|462.0   |140      |
|461.0   |136      |
|460.0   |164      |
|459.0   |151      |
|458.0   |153      |
|457.0   |181      |
|456.0   |181      |
|455.0   |195      |
|454.0   |201      |
|453.0   |186      |
|452.0   |186      |
|451.0   |180      |
|450.0   |160      |
|449.0   |222      |
|448.0   |193      |
|447.0   |223      |
|446.0   |224      |
|445.0   |238      |
|444.0   |220      |
|443.0   |245      |
|442.0   |214      |
|441.0   |261      |
|440.0   |255      |
|439.0   |263      |
|438.0   |288      |
|437.0   |262      |
|436.0   |306      |
|435.0   |322      |
|434.0   |374      |
|433.0   |297      |
|432.0   |325      |
|431.0   |344      |
|430.0   |458      |
|429.0   |769      |
|428.0   |1077     |
|427.0   |957      |
|426.0   |736      |
|425.0   |646      |
|424.0   |355      |
|423.0   |316      |
|422.0   |303      |
|421.0   |301      |
|420.0   |451      |
|419.0   |326      |
|418.0   |341      |
|417.0   |319      |
|416.0   |328      |
|415.0   |404      |
|414.0   |391      |
|413.0   |351      |
|412.0   |378      |
|411.0   |395      |
|410.0   |349      |
|409.0   |386      |
|408.0   |437      |
|407.0   |438      |
|406.0   |447      |
|405.0   |498      |
|404.0   |458      |
|403.0   |479      |
|402.0   |461      |
|401.0   |447      |
|400.0   |493      |
|399.0   |535      |
|398.0   |493      |
|397.0   |504      |
|396.0   |535      |
|395.0   |567      |
|394.0   |579      |
|393.0   |710      |
|392.0   |677      |
|391.0   |564      |
|390.0   |525      |
|389.0   |647      |
|388.0   |610      |
|387.0   |600      |
|386.0   |584      |
|385.0   |717      |
|384.0   |684      |
|383.0   |720      |
|382.0   |737      |
|381.0   |789      |
|380.0   |705      |
|379.0   |854      |
|378.0   |882      |
|377.0   |881      |
|376.0   |1119     |
|375.0   |969      |
|374.0   |1105     |
|373.0   |1319     |
|372.0   |1282     |
|371.0   |1355     |
|370.0   |1912     |
|369.0   |2357     |
|368.0   |3049     |
|367.0   |6896     |
|366.0   |7162     |
|365.0   |3976     |
|364.0   |2882     |
|363.0   |1463     |
|362.0   |1177     |
|361.0   |1421     |
|360.0   |1507     |
|359.0   |1171     |
|358.0   |1107     |
|357.0   |1037     |
|356.0   |930      |
|355.0   |859      |
|354.0   |965      |
|353.0   |1196     |
|352.0   |979      |
|351.0   |1188     |
|350.0   |1166     |
|349.0   |1196     |
|348.0   |932      |
|347.0   |1070     |
|346.0   |1313     |
|345.0   |1041     |
|344.0   |1092     |
|343.0   |1243     |
|342.0   |1181     |
|341.0   |1155     |
|340.0   |1430     |
|339.0   |1240     |
|338.0   |1224     |
|337.0   |1421     |
|336.0   |1585     |
|335.0   |1444     |
|334.0   |1424     |
|333.0   |1667     |
|332.0   |1620     |
|331.0   |1572     |
|330.0   |1596     |
|329.0   |1671     |
|328.0   |1652     |
|327.0   |1492     |
|326.0   |1550     |
|325.0   |1551     |
|324.0   |1975     |
|323.0   |1893     |
|322.0   |2319     |
|321.0   |1993     |
|320.0   |2278     |
|319.0   |2081     |
|318.0   |2308     |
|317.0   |2579     |
|316.0   |2758     |
|315.0   |3020     |
|314.0   |3131     |
|313.0   |3414     |
|312.0   |3699     |
|311.0   |3860     |
|310.0   |4357     |
|309.0   |5732     |
|308.0   |6784     |
|307.0   |10931    |
|306.0   |21684    |
|305.0   |26518    |
|304.0   |22737    |
|303.0   |11747    |
|302.0   |3291     |
|301.0   |2842     |
|300.0   |4382     |
|299.0   |2702     |
|298.0   |2813     |
|297.0   |2075     |
|296.0   |1954     |
|295.0   |2145     |
|294.0   |2282     |
|293.0   |2315     |
|292.0   |2084     |
|291.0   |2410     |
|290.0   |3084     |
|289.0   |4184     |
|288.0   |2773     |
|287.0   |2639     |
|286.0   |2453     |
|285.0   |2788     |
|284.0   |2582     |
|283.0   |2488     |
|282.0   |2828     |
|281.0   |2967     |
|280.0   |2946     |
|279.0   |2980     |
|278.0   |2965     |
|277.0   |2651     |
|276.0   |3073     |
|275.0   |3252     |
|274.0   |3665     |
|273.0   |3743     |
|272.0   |3613     |
|271.0   |3631     |
|270.0   |4071     |
|269.0   |4676     |
|268.0   |4126     |
|267.0   |3653     |
|266.0   |3697     |
|265.0   |3670     |
|264.0   |3979     |
|263.0   |3888     |
|262.0   |3983     |
|261.0   |3902     |
|260.0   |3959     |
|259.0   |4550     |
|258.0   |4554     |
|257.0   |5134     |
|256.0   |5557     |
|255.0   |6018     |
|254.0   |6653     |
|253.0   |7399     |
|252.0   |7868     |
|251.0   |8892     |
|250.0   |10273    |
|249.0   |11414    |
|248.0   |12566    |
|247.0   |16283    |
|246.0   |28375    |
|245.0   |57787    |
|244.0   |89975    |
|243.0   |88825    |
|242.0   |42584    |
|241.0   |8689     |
|240.0   |11105    |
|239.0   |6346     |
|238.0   |7239     |
|237.0   |8029     |
|236.0   |7171     |
|235.0   |6999     |
|234.0   |7616     |
|233.0   |7324     |
|232.0   |7596     |
|231.0   |8562     |
|230.0   |8704     |
|229.0   |7444     |
|228.0   |7458     |
|227.0   |8282     |
|226.0   |8840     |
|225.0   |9372     |
|224.0   |9154     |
|223.0   |8559     |
|222.0   |8695     |
|221.0   |8542     |
|220.0   |8733     |
|219.0   |10337    |
|218.0   |12958    |
|217.0   |10255    |
|216.0   |9812     |
|215.0   |10047    |
|214.0   |11657    |
|213.0   |13273    |
|212.0   |9431     |
|211.0   |8934     |
|210.0   |9244     |
|209.0   |8787     |
|208.0   |8745     |
|207.0   |7814     |
|206.0   |7725     |
|205.0   |8457     |
|204.0   |8552     |
|203.0   |8904     |
|202.0   |8876     |
|201.0   |9177     |
|200.0   |9536     |
|199.0   |10150    |
|198.0   |10990    |
|197.0   |11958    |
|196.0   |13386    |
|195.0   |14182    |
|194.0   |14801    |
|193.0   |15731    |
|192.0   |17891    |
|191.0   |19118    |
|190.0   |22456    |
|189.0   |26458    |
|188.0   |29626    |
|187.0   |33936    |
|186.0   |42884    |
|185.0   |68761    |
|184.0   |139213   |
|183.0   |269641   |
|182.0   |412927   |
|181.0   |177107   |
|180.0   |45580    |
|179.0   |15985    |
|178.0   |17437    |
|177.0   |19210    |
|176.0   |23064    |
|175.0   |20618    |
|174.0   |30563    |
|173.0   |25522    |
|172.0   |23465    |
|171.0   |20221    |
|170.0   |29310    |
|169.0   |21451    |
|168.0   |28074    |
|167.0   |29397    |
|166.0   |47350    |
|165.0   |29470    |
|164.0   |35120    |
|163.0   |21284    |
|162.0   |24491    |
|161.0   |25596    |
|160.0   |32084    |
|159.0   |21257    |
|158.0   |21795    |
|157.0   |22366    |
|156.0   |23228    |
|155.0   |35726    |
|154.0   |33616    |
|153.0   |34870    |
|152.0   |59468    |
|151.0   |35946    |
|150.0   |56944    |
|149.0   |33432    |
|148.0   |36042    |
|147.0   |35678    |
|146.0   |33860    |
|145.0   |35770    |
|144.0   |36926    |
|143.0   |63088    |
|142.0   |42617    |
|141.0   |47506    |
|140.0   |71035    |
|139.0   |61981    |
|138.0   |71651    |
|137.0   |83624    |
|136.0   |91804    |
|135.0   |63953    |
|134.0   |65025    |
|133.0   |72587    |
|132.0   |83484    |
|131.0   |91591    |
|130.0   |117072   |
|129.0   |131647   |
|128.0   |132925   |
|127.0   |183596   |
|126.0   |238771   |
|125.0   |236722   |
|124.0   |329578   |
|123.0   |620446   |
|122.0   |1393448  |
|121.0   |2265976  |
|120.0   |3134889  |
|119.0   |145548   |
|118.0   |213323   |
|117.0   |123614   |
|116.0   |118042   |
|115.0   |53604    |
|114.0   |61061    |
|113.0   |96353    |
|112.0   |143852   |
|111.0   |97585    |
|110.0   |69638    |
|109.0   |70982    |
|108.0   |68781    |
|107.0   |77489    |
|106.0   |101787   |
|105.0   |111385   |
|104.0   |116517   |
|103.0   |86545    |
|102.0   |106336   |
|101.0   |96581    |
|100.0   |107484   |
|99.0    |119396   |
|98.0    |148139   |
|97.0    |142867   |
|96.0    |154503   |
|95.0    |173312   |
|94.0    |200224   |
|93.0    |253672   |
|92.0    |383098   |
|91.0    |704291   |
|90.0    |1106981  |
|89.0    |736492   |
|88.0    |823030   |
|87.0    |937590   |
|86.0    |609455   |
|85.0    |1359912  |
|84.0    |1253152  |
|83.0    |1657452  |
|82.0    |1563844  |
|81.0    |899388   |
|80.0    |2054056  |
|79.0    |738160   |
|78.0    |720827   |
|77.0    |1294575  |
|76.0    |2489062  |
|75.0    |3353415  |
|74.0    |1241534  |
|73.0    |869205   |
|72.0    |901742   |
|71.0    |1024362  |
|70.0    |2451038  |
|69.0    |1767374  |
|68.0    |1556100  |
|67.0    |1584855  |
|66.0    |2275663  |
|65.0    |2851654  |
|64.0    |2514292  |
|63.0    |6074775  |
|62.0    |13179690 |
|61.0    |69762191 |
|60.0    |129670205|
|59.0    |7695912  |
|58.0    |5923756  |
|57.0    |818323   |
|56.0    |4584021  |
|55.0    |927983   |
|54.0    |937514   |
|53.0    |1207544  |
|52.0    |658127   |
|51.0    |670112   |
|50.0    |744916   |
|49.0    |1666337  |
|48.0    |595189   |
|47.0    |399733   |
|46.0    |289443   |
|45.0    |603851   |
|44.0    |299478   |
|43.0    |338069   |
|42.0    |957327   |
|41.0    |284842   |
|40.0    |308199   |
|39.0    |316064   |
|38.0    |313627   |
|37.0    |330871   |
|36.0    |374546   |
|35.0    |614173   |
|34.0    |410754   |
|33.0    |482731   |
|32.0    |874697   |
|31.0    |1467976  |
|30.0    |1764908  |
+--------+---------+
