# How often are certificates being renewed. Get amount, the first and last month of the not_before for grouped certificates.

+------+----------------+---------------+-------+
|interv|first_year_month|last_year_month|count  |
+------+----------------+---------------+-------+
|6     |201903          |202001         |7730057|
|1     |202001          |202001         |4586126|
|1     |201903          |201903         |4385789|
|1     |201912          |201912         |3826656|
|1     |202005          |202005         |3754948|
|6     |201902          |201912         |3376027|
|1     |202002          |202002         |3325765|
|7     |201902          |202002         |3294480|
|1     |201904          |201904         |3098919|
|1     |201902          |201902         |3080315|
|1     |201910          |201910         |2567686|
|1     |201911          |201911         |2545740|
|1     |201908          |201908         |2500891|
|1     |201909          |201909         |2452263|
|1     |201905          |201905         |2410391|
|1     |201907          |201907         |2402152|
|7     |201903          |202003         |2332277|
|1     |201906          |201906         |2312143|
|1     |202003          |202003         |2023163|
|7     |201903          |202005         |1930451|
|2     |201911          |202001         |1804924|
|2     |201903          |201905         |1743938|
|6     |201904          |202002         |1587949|
|2     |201910          |201912         |1461518|
|3     |201909          |202001         |1440627|
|1     |202004          |202004         |1382625|
|3     |201903          |201907         |1313921|
|4     |201907          |202001         |1311320|
|6     |201904          |202001         |1287212|
|4     |201903          |201909         |1211366|
|2     |201912          |202002         |1198867|
|6     |201903          |201912         |1125520|
|5     |201903          |201911         |1106542|
|5     |201905          |202001         |1083769|
|5     |201904          |201912         |1080534|
|3     |201908          |201912         |1042697|
|2     |201902          |201904         |1038466|
|3     |201910          |202002         |971844 |
|3     |201902          |201906         |914259 |
|4     |201906          |201912         |867821 |
|5     |201902          |201910         |857349 |
|2     |201904          |201906         |830523 |
|6     |201903          |202002         |789178 |
|4     |201908          |202002         |777823 |
|1     |202006          |202006         |776591 |
|8     |201903          |202005         |753773 |
|5     |201903          |202001         |739862 |
|4     |201902          |201908         |732215 |
|5     |201906          |202002         |687749 |
|8     |201902          |202004         |626623 |
|2     |202001          |202003         |579817 |
|2     |201908          |201910         |574789 |
|6     |201902          |202001         |573741 |
|2     |201909          |201911         |560219 |
|7     |201903          |202002         |554066 |
|3     |201904          |201908         |546065 |
|4     |201904          |201912         |542872 |
|5     |201903          |201912         |517280 |
|5     |201902          |201912         |473148 |
|4     |201904          |201910         |468518 |
|2     |201907          |201909         |448474 |
|3     |201911          |202003         |439191 |
|7     |201904          |202005         |438532 |
|2     |202001          |202005         |422203 |
|3     |201907          |201911         |403821 |
|2     |201906          |201908         |387948 |
|7     |201904          |202003         |380546 |
|7     |201903          |202004         |378926 |
|2     |201905          |201907         |378788 |
|4     |201909          |202003         |378100 |
|5     |201904          |202001         |375282 |
|7     |201904          |202004         |371585 |
|7     |201902          |202001         |363754 |
|3     |201911          |202005         |357576 |
|5     |201907          |202003         |346505 |
|5     |201904          |202002         |338140 |
|5     |201902          |202001         |323355 |
|2     |201910          |202001         |315481 |
|4     |201909          |202005         |312185 |
|3     |201906          |201910         |311913 |
|2     |201909          |201912         |309336 |
|6     |201905          |202003         |309150 |
|3     |201908          |202001         |290191 |
|5     |201903          |202002         |287894 |
|4     |201905          |202001         |283999 |
|5     |201905          |201912         |281540 |
|3     |201905          |201909         |275377 |
|2     |202002          |202004         |273107 |
|5     |201907          |202005         |272943 |
|4     |201903          |201911         |271538 |
|2     |202003          |202005         |259162 |
|6     |201905          |202005         |253783 |
|6     |201902          |202002         |233599 |
|4     |201905          |201911         |229694 |
|8     |201902          |202005         |226473 |
|3     |201909          |202002         |222531 |
|2     |201908          |201912         |222006 |
|4     |201906          |202001         |221374 |
|4     |201904          |202001         |220315 |
|3     |201906          |201912         |213044 |
|2     |201911          |202002         |210409 |
|4     |201903          |201912         |207179 |
|5     |201905          |202002         |206959 |
|4     |201902          |201912         |203579 |
|7     |201903          |202001         |203435 |
|4     |201905          |201912         |201947 |
|7     |201902          |202005         |201071 |
|7     |201902          |202003         |199741 |
|8     |201902          |202006         |196108 |
|6     |201903          |202005         |195696 |
|3     |201912          |202004         |195246 |
|3     |201903          |201908         |194204 |
|6     |201903          |202003         |193052 |
|3     |201907          |201912         |191138 |
|2     |201903          |201906         |190590 |
|5     |201903          |201910         |181771 |
|4     |201907          |202002         |171334 |
|3     |201903          |201909         |168323 |
|4     |201910          |202004         |165294 |
|3     |201907          |202001         |164729 |
|4     |201903          |202001         |164204 |
|2     |201902          |201905         |159925 |
|4     |201903          |201910         |150354 |
|3     |202001          |202005         |149401 |
|8     |201904          |202005         |149083 |
|4     |201902          |201910         |147149 |
|4     |201907          |201912         |145267 |
|2     |201904          |201907         |140370 |
|5     |201908          |202004         |140072 |
|3     |201910          |202001         |139388 |
|2     |201908          |201911         |139220 |
|3     |201904          |201910         |138423 |
|4     |201904          |201911         |132711 |
|3     |201902          |201908         |132683 |
|3     |201904          |201912         |130320 |
|7     |201902          |202004         |128000 |
|3     |201908          |202002         |127477 |
|5     |201906          |202001         |126811 |
|4     |201908          |202001         |125602 |
|3     |201902          |201907         |124781 |
|4     |201911          |202005         |124557 |
|2     |201912          |202001         |120630 |
|2     |201912          |202003         |119988 |
|5     |201904          |202003         |119927 |
|6     |201906          |202004         |119058 |
|4     |201903          |201908         |118666 |
|3     |201904          |201909         |118218 |
|8     |201902          |202003         |115774 |
|6     |201904          |202005         |115266 |
|3     |201906          |201911         |113843 |
|8     |201902          |202002         |111475 |
|6     |201904          |202003         |111097 |
|7     |201904          |202006         |110676 |
|8     |201903          |202004         |110278 |
|5     |201903          |202005         |110004 |
|5     |201909          |202005         |109475 |
|3     |201905          |201911         |108902 |
|2     |201909          |202001         |108087 |
|3     |201902          |201912         |107143 |
|3     |201910          |202003         |106358 |
|5     |201902          |202002         |105654 |
|2     |202002          |202005         |104829 |
|6     |201905          |202002         |104294 |
|4     |201904          |201909         |102488 |
|4     |201902          |201909         |102292 |
|4     |201906          |202002         |101790 |
|9     |201902          |202005         |100869 |
|5     |201904          |201911         |97981  |
|6     |201903          |202004         |95344  |
|6     |201907          |202005         |95338  |
|8     |201902          |202001         |93089  |
|5     |201902          |201911         |91660  |
|2     |201912          |202005         |91647  |
|6     |201902          |202003         |90953  |
|3     |201905          |202001         |89986  |
|7     |201905          |202005         |89875  |
|2     |201905          |201908         |89827  |
|2     |202001          |202004         |89499  |
|6     |201902          |202005         |88160  |
|4     |201908          |202003         |87820  |
|2     |201906          |201912         |86628  |
|6     |201904          |202004         |86405  |
|5     |201903          |202003         |84900  |
|2     |201903          |201907         |84378  |
|2     |201905          |201909         |84177  |
|2     |201906          |201910         |82365  |
|4     |201908          |202005         |81828  |
|7     |201903          |202006         |81586  |
|3     |201909          |201912         |80216  |
|8     |201903          |202003         |79702  |
|3     |201910          |202005         |79656  |
|2     |201902          |201906         |78784  |
|3     |201903          |202001         |78765  |
|3     |201912          |202005         |78277  |
|3     |201902          |201910         |76721  |
|3     |201903          |201911         |75987  |
|5     |201904          |202005         |75327  |
|2     |201904          |201908         |75036  |
|4     |201910          |202005         |74992  |
|2     |201911          |201912         |74413  |
|4     |201909          |202004         |74349  |
|6     |201905          |202004         |74321  |
|3     |201903          |201906         |71875  |
|5     |201905          |202003         |71698  |
|5     |201906          |202003         |71281  |
|5     |201905          |202005         |71005  |
|9     |201902          |202006         |70412  |
|5     |201906          |202005         |69530  |
|3     |201910          |202004         |68448  |
|5     |201908          |202005         |68201  |
|2     |201904          |201911         |66911  |
|2     |201903          |201904         |65946  |
|5     |201907          |202004         |65589  |
|3     |201911          |202004         |64175  |
|2     |201907          |201910         |63489  |
|4     |201908          |202004         |63124  |
|2     |202002          |202006         |62789  |
|2     |201912          |202004         |62495  |
|2     |201906          |201909         |62406  |
|2     |201907          |201911         |61612  |
|3     |201904          |201907         |61333  |
|6     |201906          |202005         |61223  |
|6     |201902          |202004         |57911  |
|4     |201907          |202003         |56340  |
|8     |201903          |202006         |56024  |
|3     |201909          |202003         |55377  |
|2     |201910          |202002         |54305  |
|2     |201904          |201912         |53727  |
|7     |201902          |201912         |53650  |
|4     |201902          |201911         |53552  |
|2     |201904          |201905         |53475  |
|3     |201905          |201910         |52878  |
|3     |201912          |202006         |51519  |
|4     |201910          |202006         |51421  |
|5     |201907          |202002         |50458  |
|4     |201907          |202005         |50400  |
|3     |201909          |202005         |50287  |
|4     |201905          |202002         |50071  |
|5     |201904          |202004         |49984  |
|2     |201903          |201909         |49666  |
|9     |201902          |202003         |49169  |
|2     |201907          |202001         |46155  |
|2     |201904          |201910         |45121  |
|8     |201903          |202002         |44730  |
|2     |201905          |201911         |43887  |
|4     |201910          |202003         |43862  |
|4     |201904          |202002         |43659  |
|2     |202004          |202006         |42978  |
|5     |201906          |202004         |42397  |
|4     |201903          |202005         |42313  |
|2     |201902          |201908         |42248  |
|9     |201903          |202005         |41615  |
|4     |201903          |202003         |40582  |
|4     |201909          |202002         |40575  |
|4     |201902          |202001         |40257  |
|5     |201908          |202006         |39197  |
|2     |201902          |201903         |39135  |
|6     |201906          |202003         |38747  |
|2     |201911          |202005         |38505  |
|5     |201908          |202003         |38400  |
|6     |201902          |201911         |38309  |
|4     |201902          |201907         |38120  |
|5     |201902          |201909         |38092  |
|4     |201905          |202005         |38076  |
|8     |201904          |202006         |37810  |
|3     |201906          |202001         |37782  |
|3     |201905          |201908         |36908  |
|4     |201905          |201910         |36881  |
|4     |201905          |202003         |36554  |
|3     |201912          |202003         |36307  |
|3     |201911          |202002         |35568  |
|3     |201903          |201910         |35551  |
|6     |201904          |201912         |35506  |
|2     |201911          |202003         |35278  |
|3     |201902          |201905         |35232  |
|9     |201903          |202003         |34253  |
|3     |201905          |201912         |33306  |
|6     |201906          |202006         |32709  |
|3     |201904          |202001         |31852  |
|5     |201907          |202006         |31697  |
|2     |201905          |202001         |31489  |
|3     |201907          |201910         |31218  |
|2     |201902          |201912         |31112  |
|3     |201904          |201911         |30380  |
|2     |201907          |201908         |30323  |
|4     |201902          |202002         |29905  |
|2     |201910          |201911         |29821  |
|2     |201908          |202002         |29702  |
|3     |201906          |202002         |29691  |
|10    |201902          |202005         |28915  |
|2     |202001          |202002         |28506  |
|3     |201903          |201912         |27774  |
|4     |201906          |202005         |27229  |
|5     |201902          |202005         |27083  |
|2     |201909          |201910         |26889  |
|2     |201905          |201906         |26381  |
|2     |201908          |202001         |26291  |
|2     |201903          |202001         |26272  |
|2     |201903          |201911         |25954  |
|2     |201908          |201909         |25824  |
|4     |201906          |202003         |25823  |
|5     |201905          |202004         |25591  |
|3     |201907          |202002         |25389  |
|2     |201902          |201910         |25213  |
|7     |201903          |201912         |25003  |
|6     |201903          |202006         |24814  |
|3     |201904          |202002         |24775  |
|2     |202001          |202006         |24756  |
|3     |201907          |202003         |24418  |
|7     |201902          |202006         |24313  |
|2     |201907          |201912         |24189  |
|4     |201903          |202002         |24144  |
|4     |201902          |201906         |23934  |
|9     |201902          |202004         |23911  |
|3     |201903          |202003         |23770  |
|4     |201906          |201911         |22740  |
|3     |201905          |202003         |22680  |
|8     |201903          |202001         |22601  |
|3     |201903          |202005         |22490  |
|6     |201904          |202006         |22371  |
|3     |201907          |202005         |22297  |
|3     |201902          |202001         |21903  |
|4     |201909          |202006         |21838  |
|3     |201904          |202005         |21692  |
|3     |201905          |202005         |21566  |
|4     |201904          |202005         |21423  |
|3     |201908          |202004         |21026  |
|3     |201906          |201909         |20666  |
|3     |201908          |201911         |20635  |
|3     |201904          |202003         |20628  |
|3     |202002          |202006         |20618  |
|11    |201902          |202001         |20387  |
|2     |202002          |202003         |20191  |
|5     |201903          |201909         |20133  |
|6     |201903          |201911         |20030  |
|7     |201904          |202002         |19913  |
|5     |201904          |202006         |19901  |
|5     |201902          |202003         |19838  |
|2     |201906          |201911         |19831  |
|5     |201902          |202004         |19435  |
|4     |201902          |202005         |19351  |
|4     |201906          |202004         |19296  |
|3     |201902          |201909         |18924  |
|4     |201907          |202004         |18794  |
|4     |201904          |202004         |18700  |
|2     |201909          |202003         |18688  |
|4     |201904          |202003         |18544  |
|10    |201902          |202003         |18434  |
|3     |201911          |202006         |18387  |
|5     |201910          |202005         |18156  |
|9     |201902          |202001         |18103  |
|2     |201906          |201907         |18064  |
|3     |201908          |202005         |18005  |
|2     |202004          |202005         |17795  |
|2     |201903          |201908         |17506  |
|3     |201908          |202003         |17498  |
|3     |201902          |202002         |17404  |
|4     |201912          |202006         |17289  |
|2     |201906          |202001         |17248  |
|11    |201902          |202005         |17159  |
|5     |201910          |202006         |16968  |
|2     |201909          |202002         |16934  |
|2     |201909          |202005         |16888  |
|4     |201912          |202005         |16793  |
|9     |201903          |202002         |16770  |
|2     |201906          |202002         |16670  |
|10    |201903          |202003         |16142  |
|6     |201908          |202005         |16101  |
|6     |201902          |201909         |16034  |
|5     |201902          |201907         |15733  |
|6     |201905          |202006         |15631  |
|7     |201906          |202005         |15624  |
|6     |201902          |202006         |15520  |
|4     |201902          |202003         |15254  |
|7     |201902          |201911         |15028  |
|2     |201905          |201910         |14913  |
|2     |201904          |201909         |14717  |
|2     |201904          |202001         |14673  |
|2     |202003          |202006         |14513  |
|6     |201905          |202001         |14492  |
|7     |201905          |202004         |14245  |
|2     |201902          |201907         |14047  |
|10    |201903          |202005         |13998  |
|2     |201904          |202002         |13922  |
|4     |201902          |202004         |13775  |
|5     |201903          |202004         |13640  |
|3     |201902          |201911         |13619  |
|2     |201905          |201912         |13484  |
|3     |201906          |202004         |13351  |
|3     |201909          |202004         |13317  |
|2     |201912          |202006         |13200  |
|2     |201910          |202004         |13159  |
|2     |201902          |202002         |13132  |
|6     |201908          |202006         |13015  |
|3     |201903          |202002         |12945  |
|9     |201902          |202002         |12790  |
|2     |201907          |202002         |12682  |
|8     |201904          |202003         |12627  |
|2     |201903          |201912         |12542  |
|9     |201903          |202006         |12419  |
|12    |201902          |202002         |12277  |
|9     |201903          |202001         |12217  |
|4     |201903          |201907         |11692  |
|3     |201910          |202006         |11658  |
|6     |201907          |202006         |11584  |
|2     |201910          |202003         |11526  |
|5     |201902          |201908         |11365  |
|2     |201903          |201910         |11332  |
|3     |201906          |202003         |11290  |
|3     |201905          |202002         |11243  |
|10    |201902          |202002         |11154  |
|7     |201906          |202006         |11072  |
|6     |201907          |202004         |11048  |
|4     |201908          |202006         |11029  |
|3     |201906          |202005         |11024  |
|2     |201910          |202005         |10638  |
|3     |201904          |202004         |10622  |
|5     |201907          |202001         |10474  |
|13    |201902          |202005         |10461  |
|3     |202002          |202005         |10288  |
|3     |201911          |202001         |10181  |
|2     |202003          |202004         |10173  |
|12    |201902          |202005         |9974   |
|9     |201904          |202003         |9779   |
|2     |201907          |202003         |9753   |
|8     |201903          |201912         |9696   |
|2     |201907          |202005         |9588   |
|10    |201903          |202002         |9560   |
|5     |201909          |202004         |9434   |
|3     |202001          |202006         |9416   |
|2     |201902          |202001         |9323   |
|4     |201909          |202001         |9316   |
|5     |201906          |202006         |9168   |
|10    |201902          |202001         |9114   |
|3     |201912          |202002         |9070   |
|3     |201902          |202005         |9041   |
|6     |201902          |201910         |8917   |
|5     |201903          |202006         |8823   |
|7     |201905          |202003         |8794   |
|2     |201905          |202005         |8711   |
|2     |201911          |202004         |8690   |
|7     |201904          |202001         |8575   |
|2     |201902          |201909         |8494   |
|5     |201909          |202006         |8388   |
|11    |201903          |202001         |8359   |
|13    |201902          |202002         |8308   |
|5     |201909          |202003         |8082   |
|4     |201911          |202004         |8024   |
|2     |201905          |202003         |7979   |
|3     |201903          |201905         |7870   |
|2     |201903          |202003         |7761   |
|2     |201908          |202005         |7658   |
|2     |201908          |202004         |7655   |
|7     |201902          |201910         |7655   |
|11    |201903          |202005         |7589   |
|12    |201903          |202002         |7571   |
|2     |201904          |202005         |7546   |
|4     |201906          |202006         |7478   |
|3     |201902          |202003         |7406   |
|9     |201903          |202004         |7378   |
|2     |201903          |202005         |7331   |
|2     |201903          |202002         |7309   |
|4     |201911          |202006         |7306   |
|8     |201902          |201912         |7043   |
|4     |201910          |202002         |7030   |
|4     |201911          |202003         |7011   |
|4     |201904          |202006         |6919   |
|10    |201902          |202004         |6910   |
|6     |201907          |202003         |6876   |
|7     |201905          |202006         |6857   |
|3     |201902          |201904         |6774   |
|8     |201904          |202002         |6719   |
|2     |201908          |202003         |6650   |
|2     |201902          |201911         |6635   |
|8     |201905          |202003         |6518   |
|4     |201903          |202004         |6499   |
|11    |201902          |202002         |6489   |
|5     |201908          |202002         |6479   |
|6     |201903          |201910         |6337   |
|8     |201904          |202004         |6165   |
|10    |201903          |202001         |6103   |
|8     |201904          |202001         |6019   |
|11    |201902          |202003         |5982   |
|9     |201904          |202005         |5929   |
|3     |201904          |202006         |5920   |
|2     |201906          |202005         |5916   |
|12    |201902          |202003         |5882   |
|11    |201902          |202004         |5796   |
|3     |202001          |202004         |5756   |
|4     |201905          |202004         |5643   |
|6     |201906          |202002         |5632   |
|2     |201905          |202002         |5578   |
|11    |201902          |201912         |5569   |
|2     |201906          |202004         |5547   |
|11    |201903          |202002         |5529   |
|3     |201902          |202004         |5515   |
|3     |201907          |202004         |5479   |
|4     |201907          |202006         |5360   |
|7     |201903          |201911         |5352   |
|5     |201905          |202006         |5319   |
|12    |201902          |202001         |5264   |
|4     |201911          |202002         |5225   |
|3     |201909          |202006         |5188   |
|5     |201903          |201908         |5160   |
|12    |201903          |202005         |5126   |
|7     |201905          |202001         |5120   |
|7     |201906          |202003         |5006   |
|6     |201903          |201909         |4967   |
|7     |201904          |201912         |4868   |
|2     |201906          |202003         |4841   |
|7     |201905          |202002         |4816   |
|4     |201904          |201908         |4726   |
|5     |201911          |202005         |4613   |
|3     |201906          |202006         |4538   |
|3     |201908          |202006         |4525   |
|6     |201908          |202003         |4482   |
|9     |201904          |202002         |4467   |
|5     |201902          |202006         |4455   |
|4     |201908          |201912         |4406   |
|8     |201905          |202005         |4405   |
|3     |201910          |201912         |4374   |
|2     |201902          |202005         |4366   |
|6     |201906          |202001         |4304   |
|6     |201909          |202005         |4300   |
|2     |201904          |202004         |4262   |
|5     |201906          |201912         |4128   |
|4     |201910          |202001         |4095   |
|2     |201904          |202003         |4078   |
|3     |201903          |202004         |4057   |
|6     |201902          |201908         |4035   |
|2     |201902          |202003         |4018   |
|7     |201902          |201909         |4003   |
|10    |201904          |202005         |3948   |
|11    |201903          |202003         |3896   |
|5     |201908          |202001         |3865   |
|14    |201902          |202005         |3722   |
|2     |201910          |202006         |3704   |
|3     |201904          |201906         |3702   |
|13    |201903          |202005         |3660   |
|5     |201904          |201910         |3645   |
|4     |201902          |201905         |3598   |
|9     |201903          |201912         |3595   |
|12    |201902          |202004         |3462   |
|4     |201905          |201909         |3428   |
|5     |201909          |202002         |3421   |
|6     |201907          |202002         |3418   |
|7     |201907          |202005         |3400   |
|12    |201903          |202003         |3305   |
|2     |201909          |202004         |3299   |
|8     |201905          |202002         |3232   |
|4     |201903          |201906         |3151   |
|2     |201903          |202004         |3029   |
|5     |201910          |202003         |2991   |
|13    |201902          |202004         |2989   |
|3     |201905          |202004         |2985   |
|7     |201907          |202003         |2945   |
|7     |201903          |201910         |2898   |
|9     |201905          |202005         |2854   |
|9     |201902          |201912         |2852   |
|10    |201902          |202006         |2799   |
|7     |201908          |202005         |2740   |
|8     |201906          |202005         |2718   |
|7     |201906          |202002         |2710   |
|5     |201910          |202002         |2706   |
|2     |201906          |202006         |2669   |
|8     |201902          |201910         |2659   |
|6     |201905          |201912         |2643   |
|6     |201910          |202005         |2611   |
|10    |201902          |201912         |2569   |
|10    |201903          |202004         |2550   |
|3     |201907          |201909         |2548   |
|4     |201902          |202006         |2503   |
|8     |201902          |201911         |2476   |
|5     |201909          |202001         |2461   |
|15    |201902          |202005         |2454   |
|2     |201911          |202006         |2412   |
|12    |201903          |202001         |2374   |
|13    |201902          |202003         |2364   |
|2     |201902          |202004         |2363   |
|6     |201907          |202001         |2352   |
|4     |201903          |202006         |2341   |
|6     |201908          |202002         |2294   |
|5     |201902          |201906         |2272   |
|6     |201909          |202002         |2271   |
|11    |201902          |202006         |2260   |
|2     |201907          |202004         |2239   |
|3     |201905          |201907         |2230   |
|10    |201903          |202006         |2217   |
|3     |202001          |202003         |2151   |
|9     |201902          |201911         |2140   |
|6     |201908          |202001         |2120   |
|8     |201907          |202005         |2103   |
|4     |201912          |202004         |2099   |
|3     |201908          |201910         |2086   |
|10    |201903          |201911         |2030   |
|9     |201902          |201910         |2024   |
|4     |202001          |202005         |2002   |
|5     |201904          |201909         |2002   |
|7     |201907          |202001         |1984   |
|3     |201903          |202006         |1980   |
|5     |201910          |202004         |1967   |
|3     |201906          |201908         |1967   |
|5     |201907          |201912         |1957   |
|5     |201912          |202005         |1955   |
|4     |201906          |201910         |1947   |
|7     |201909          |202005         |1946   |
|2     |201908          |202006         |1939   |
|9     |201905          |202001         |1932   |
|7     |201908          |202002         |1913   |
|8     |201906          |202003         |1860   |
|9     |201905          |202003         |1855   |
|11    |201904          |202002         |1850   |
|2     |202005          |202006         |1847   |
|6     |201904          |201911         |1839   |
|10    |201904          |202001         |1839   |
|2     |201905          |202004         |1827   |
|8     |201906          |202001         |1824   |
|11    |201903          |202004         |1816   |
|9     |201906          |202002         |1803   |
|4     |201912          |202003         |1802   |
|8     |201907          |202002         |1794   |
|10    |201905          |202002         |1778   |
|10    |201905          |202005         |1771   |
|4     |201905          |202006         |1767   |
|8     |201904          |201912         |1717   |
|10    |201904          |202003         |1706   |
|5     |201905          |201911         |1698   |
|8     |201905          |202001         |1692   |
|13    |201903          |202004         |1662   |
|3     |201909          |201911         |1652   |
|4     |201907          |201911         |1638   |
|9     |201905          |202002         |1637   |
|11    |201904          |202005         |1615   |
|12    |201903          |202004         |1591   |
|3     |202003          |202005         |1577   |
|9     |201906          |202005         |1569   |
|7     |201906          |202001         |1565   |
|7     |201907          |202002         |1564   |
|5     |201903          |201907         |1561   |
|9     |201904          |202001         |1549   |
|6     |201909          |202003         |1520   |
|7     |201905          |201912         |1500   |
|4     |201909          |201912         |1486   |
|6     |201904          |201910         |1473   |
|6     |201902          |201907         |1467   |
|7     |201902          |201908         |1455   |
|8     |201903          |201910         |1439   |
|7     |201906          |202004         |1406   |
|6     |201908          |202004         |1380   |
|3     |201907          |202006         |1373   |
|6     |201903          |201908         |1373   |
|12    |201902          |202006         |1373   |
|8     |201903          |201911         |1366   |
|5     |201905          |201910         |1360   |
|8     |201902          |201909         |1326   |
|5     |201911          |202003         |1318   |
|13    |201902          |202006         |1310   |
|9     |201903          |201911         |1288   |
|14    |201903          |202005         |1285   |
|5     |201911          |202004         |1285   |
|10    |201902          |201911         |1274   |
|6     |201906          |201912         |1261   |
|10    |201904          |202002         |1247   |
|6     |201911          |202005         |1238   |
|4     |201905          |201908         |1220   |
|8     |201908          |202005         |1200   |
|8     |201906          |202002         |1196   |
|11    |201905          |202005         |1194   |
|13    |201903          |202003         |1173   |
|2     |201904          |202006         |1170   |
|9     |201907          |202005         |1164   |
|4     |201907          |201910         |1154   |
|4     |201904          |201907         |1154   |
|10    |201903          |201912         |1144   |
|2     |201909          |202006         |1141   |
|11    |201903          |202006         |1120   |
|3     |201902          |202006         |1110   |
|3     |201905          |202006         |1087   |
|10    |201906          |202005         |1076   |
|7     |201908          |202003         |1068   |
|3     |202003          |202006         |1065   |
|7     |201903          |201909         |1025   |
|9     |201904          |202004         |1014   |
|12    |201904          |202005         |982    |
|6     |201909          |202004         |982    |
|16    |201902          |202006         |939    |
|8     |201905          |202006         |929    |
|2     |201903          |202006         |892    |
|7     |201907          |202004         |891    |
|5     |201905          |201909         |887    |
|8     |201909          |202005         |886    |
|8     |201905          |202004         |872    |
|5     |201908          |201912         |861    |
|6     |201905          |201911         |859    |
|4     |201906          |201909         |856    |
|10    |201905          |202003         |852    |
|6     |201910          |202004         |849    |
|8     |201907          |202003         |841    |
|13    |201903          |202006         |827    |
|7     |201904          |201911         |811    |
|14    |201902          |202006         |808    |
|12    |201903          |202006         |807    |
|14    |201902          |202004         |805    |
|6     |201909          |202006         |790    |
|5     |201911          |202006         |786    |
|2     |201907          |202006         |774    |
|7     |201910          |202005         |770    |
|9     |201906          |202003         |764    |
|7     |201907          |202006         |736    |
|2     |201905          |202006         |736    |
|11    |201904          |202003         |733    |
|5     |201906          |201911         |729    |
|9     |201904          |202006         |711    |
|2     |201902          |202006         |705    |
|4     |201908          |201911         |678    |
|14    |201902          |202003         |662    |
|7     |201909          |202004         |659    |
|3     |202002          |202004         |654    |
|8     |201906          |202004         |647    |
|5     |201912          |202006         |645    |
|6     |201910          |202003         |631    |
|5     |201904          |201908         |614    |
|10    |201905          |202004         |593    |
|6     |201907          |201912         |572    |
|6     |201910          |202006         |569    |
|7     |201908          |202004         |567    |
|5     |201906          |201910         |563    |
|9     |201905          |202004         |549    |
|6     |201905          |201910         |536    |
|15    |201902          |202006         |526    |
|6     |201904          |201909         |521    |
|4     |202001          |202006         |501    |
|7     |201904          |201910         |497    |
|10    |201904          |202004         |496    |
|11    |201905          |202004         |477    |
|16    |201902          |202005         |474    |
|7     |201909          |202003         |467    |
|14    |201903          |202006         |460    |
|8     |201907          |202004         |452    |
|8     |201908          |202004         |428    |
|9     |201907          |202004         |424    |
|10    |201907          |202005         |421    |
|5     |201907          |201911         |421    |
|15    |201902          |202004         |418    |
|6     |201912          |202006         |418    |
|7     |201906          |201912         |407    |
|10    |201904          |202006         |407    |
|5     |201912          |202004         |406    |
|9     |201906          |202004         |406    |
|7     |201908          |202006         |395    |
|9     |201908          |202005         |392    |
|9     |201907          |202003         |391    |
|12    |201905          |202005         |379    |
|10    |201906          |202004         |369    |
|10    |201906          |202003         |367    |
|11    |201906          |202005         |359    |
|8     |201906          |202006         |357    |
|6     |201912          |202005         |354    |
|12    |201904          |202004         |353    |
|8     |201908          |202003         |345    |
|11    |201904          |202001         |344    |
|6     |201906          |201911         |342    |
|11    |201904          |202004         |342    |
|7     |201905          |201911         |339    |
|13    |201904          |202005         |337    |
|7     |201909          |202006         |336    |
|6     |201911          |202006         |330    |
|8     |201905          |201912         |329    |
|4     |202002          |202005         |325    |
|11    |201904          |202006         |318    |
|4     |202002          |202006         |306    |
|11    |201905          |202003         |302    |
|3     |201912          |202001         |301    |
|6     |201911          |202004         |300    |
|8     |201907          |202001         |297    |
|9     |201904          |201912         |292    |
|9     |201905          |202006         |288    |
|8     |201907          |202006         |288    |
|12    |201904          |202003         |284    |
|3     |202004          |202006         |278    |
|10    |201905          |202001         |256    |
|11    |201905          |202006         |256    |
|7     |201910          |202006         |256    |
|9     |201907          |202006         |253    |
|14    |201903          |202004         |250    |
|8     |201904          |201911         |247    |
|8     |201909          |202006         |245    |
|9     |201906          |202006         |243    |
|12    |201904          |202006         |238    |
|4     |202001          |202004         |237    |
|8     |201908          |202006         |233    |
|9     |201903          |201910         |219    |
|5     |201910          |202001         |214    |
|7     |201911          |202006         |213    |
|5     |202001          |202005         |208    |
|10    |201906          |202006         |192    |
|5     |202001          |202006         |183    |
|10    |201905          |202006         |182    |
|9     |201906          |202001         |162    |
|9     |201908          |202006         |154    |
|10    |201907          |202006         |148    |
|6     |201909          |202001         |145    |
|11    |201903          |201912         |138    |
|13    |201904          |202006         |135    |
|7     |201908          |202001         |134    |
|12    |201905          |202006         |130    |
|7     |201910          |202004         |130    |
|15    |201903          |202006         |125    |
|9     |201909          |202006         |125    |
|2     |202005          |202005         |124    |
|8     |201910          |202005         |122    |
|7     |201911          |202005         |121    |
|8     |201909          |202004         |120    |
|8     |201910          |202006         |119    |
|15    |201903          |202005         |116    |
|4     |201911          |202001         |113    |
|11    |201906          |202006         |112    |
|2     |201903          |201903         |103    |
|13    |201903          |202002         |96     |
|9     |201909          |202005         |86     |
|4     |201903          |201905         |85     |
|2     |202003          |202003         |84     |
|2     |201912          |201912         |84     |
|11    |201906          |202004         |81     |
|2     |202001          |202001         |80     |
|14    |201904          |202006         |79     |
|2     |201910          |201910         |78     |
|4     |202003          |202006         |77     |
|13    |201905          |202005         |71     |
|9     |201908          |202004         |69     |
|10    |201907          |202004         |69     |
|11    |201907          |202006         |68     |
|12    |201905          |202004         |67     |
|11    |201907          |202005         |66     |
|13    |201905          |202006         |65     |
|2     |201908          |201908         |58     |
|10    |201908          |202005         |54     |
|3     |201903          |201904         |51     |
|10    |201908          |202006         |50     |
|6     |201903          |201907         |50     |
|14    |201904          |202005         |49     |
|7     |201903          |201908         |44     |
|8     |201903          |201909         |43     |
|2     |201907          |201907         |41     |
|13    |201904          |202004         |39     |
|12    |201906          |202005         |39     |
|12    |201906          |202006         |38     |
|9     |201907          |202002         |34     |
|12    |201904          |202002         |34     |
|5     |201903          |201906         |34     |
|14    |201903          |202003         |32     |
|11    |201905          |202002         |31     |
|3     |202004          |202005         |30     |
|3     |201911          |201912         |27     |
|7     |201907          |201912         |26     |
|2     |201905          |201905         |26     |
|4     |201912          |202002         |25     |
|4     |201910          |201912         |24     |
|6     |201908          |201912         |23     |
|8     |201904          |201910         |22     |
|3     |202003          |202004         |20     |
|10    |201906          |202002         |19     |
|4     |202003          |202005         |19     |
|4     |201908          |201910         |18     |
|9     |201904          |201911         |18     |
|7     |201905          |201910         |17     |
|3     |201907          |201908         |17     |
|5     |201909          |201912         |16     |
|5     |201907          |201910         |16     |
|8     |201906          |201912         |16     |
|6     |201910          |202002         |15     |
|6     |201907          |201911         |15     |
|7     |201912          |202006         |14     |
|4     |201907          |201909         |14     |
|7     |201909          |202002         |13     |
|7     |201904          |201909         |13     |
|8     |201908          |202002         |13     |
|5     |201904          |201907         |13     |
|3     |201908          |201909         |12     |
|10    |201904          |201912         |12     |
|5     |201908          |201911         |11     |
|3     |201910          |201911         |11     |
|5     |201905          |201908         |11     |
|6     |201905          |201909         |10     |
|3     |201904          |201905         |9      |
|9     |201905          |201912         |9      |
|13    |201904          |202003         |8      |
|4     |201905          |201907         |8      |
|3     |201905          |201906         |8      |
|5     |201911          |202002         |8      |
|7     |201910          |202003         |8      |
|6     |201904          |201908         |7      |
|10    |201907          |202003         |6      |
|4     |201904          |201906         |6      |
|6     |201911          |202003         |6      |
|8     |201909          |202003         |6      |
|8     |201905          |201911         |6      |
|5     |201912          |202003         |6      |
|15    |201903          |202004         |6      |
|5     |201906          |201909         |5      |
|6     |201906          |201910         |5      |
|5     |202002          |202006         |5      |
|3     |201906          |201907         |5      |
|4     |201906          |201908         |5      |
|4     |201909          |201911         |4      |
|11    |201906          |202003         |4      |
|8     |201910          |202004         |3      |
|8     |201911          |202006         |3      |
|14    |201904          |202004         |3      |
|3     |201909          |201910         |3      |
|7     |201906          |201911         |3      |
|6     |202001          |202006         |3      |
|16    |201903          |202005         |2      |
|12    |201905          |202003         |2      |
|13    |201906          |202006         |2      |
|12    |201907          |202006         |2      |
|6     |201912          |202004         |2      |
|11    |201907          |202004         |1      |
|9     |201910          |202005         |1      |
|12    |201906          |202004         |1      |
|14    |201905          |202006         |1      |
|9     |201910          |202006         |1      |
|9     |201908          |202003         |1      |
|13    |201906          |202005         |1      |
|5     |202002          |202005         |1      |
|5     |202001          |202004         |1      |
|7     |201911          |202004         |1      |
+------+----------------+---------------+-------+
